Case 1 F:

50 points:

G:
(array([1.   , 1.   , 1.   , 1.   , 1.   , 1.   , 1.   , 1.   , 0.868]),
 array([1.  , 1.  , 1.  , 1.  , 1.  , 1.  , 1.  , 1.  , 0.36]),
 array([1.        , 1.        , 1.        , 1.        , 1.        ,
        1.        , 1.        , 1.        , 0.92444444]))

SA:
(array([1. , 1. , 1. , 1. , 1. , 1. , 1. , 1. , 0.9]),
 array([1. , 1. , 1. , 1. , 1. , 1. , 1. , 1. , 0.6]),
 array([1.        , 1.        , 1.        , 1.        , 1.        ,
        1.        , 1.        , 1.        , 0.93333333]))

QA:
(array([0.94 , 0.984, 0.992, 0.992, 0.964, 0.944, 0.984, 0.94 , 0.868]),
 array([0.93333333, 0.98      , 0.98857143, 0.98666667, 0.928     ,
        0.86      , 0.94666667, 0.7       , 0.32      ]),
 array([1.        , 1.        , 1.        , 1.        , 1.        ,
        1.        , 1.        , 1.        , 0.92888889]))

30 points:
Q:
(array([1.        , 1.        , 1.        , 1.        , 1.        ,
        1.        , 1.        , 0.97333333, 0.85333333]),
 array([1.        , 1.        , 1.        , 1.        , 1.        ,
        1.        , 1.        , 0.93333333, 0.46666667]),
 array([1.        , 1.        , 1.        , 1.        , 1.        ,
        1.        , 1.        , 0.98333333, 0.8962963 ]))

SA:
(array([1.        , 1.        , 1.        , 1.        , 1.        ,
        1.        , 1.        , 0.93333333, 0.82666667]),
 array([1.        , 1.        , 1.        , 1.        , 1.        ,
        1.        , 1.        , 0.83333333, 0.4       ]),
 array([1.        , 1.        , 1.        , 1.        , 1.        ,
        1.        , 1.        , 0.95833333, 0.87407407]))

QA:
(array([0.98666667, 0.99333333, 1.        , 1.        , 1.        ,
        1.        , 1.        , 0.93333333, 0.83333333]),
 array([0.98518519, 0.99166667, 1.        , 1.        , 1.        ,
        1.        , 1.        , 0.8       , 0.4       ]),
 array([1.        , 1.        , 1.        , 1.        , 1.        ,
        1.        , 1.        , 0.96666667, 0.88148148]))

10 points:
Q:
(array([1.  , 1.  , 1.  , 1.  , 1.  , 0.96, 0.92, 0.84, 0.82]),
 array([1.        , 1.        , 1.        , 1.        , 1.        ,
        0.95      , 0.86666667, 0.7       , 0.8       ]),
 array([1.        , 1.        , 1.        , 1.        , 1.        ,
        0.96666667, 0.94285714, 0.875     , 0.82222222]))

SA:
(array([1.  , 1.  , 1.  , 1.  , 0.96, 0.82, 0.72, 0.78, 0.8 ]),
 array([1.  , 1.  , 1.  , 1.  , 0.96, 0.8 , 0.6 , 0.7 , 0.8 ]),
 array([1.        , 1.        , 1.        , 1.        , 0.96      ,
        0.83333333, 0.77142857, 0.8       , 0.8       ]))

QA:
(array([1.  , 1.  , 1.  , 0.98, 0.96, 0.96, 0.92, 0.74, 0.74]),
 array([1.        , 1.        , 1.        , 1.        , 0.96      ,
        0.95      , 0.93333333, 0.5       , 0.4       ]),
 array([1.        , 1.        , 1.        , 0.95      , 0.96      ,
        0.96666667, 0.91428571, 0.8       , 0.77777778]))

Case 2:

50:
G:

(array([0.944, 0.984, 1.   , 1.   , 1.   , 1.   , 1.   , 1.   , 0.908]),
 array([0.93777778, 0.98      , 1.        , 1.        , 1.        ,
        1.        , 1.        , 1.        , 0.68      ]),
 array([1.        , 1.        , 1.        , 1.        , 1.        ,
        1.        , 1.        , 1.        , 0.93333333]))

SA:
(array([0.984, 0.992, 1.   , 1.   , 1.   , 1.   , 1.   , 1.   , 0.884]),
 array([0.98222222, 0.99      , 1.        , 1.        , 1.        ,
        1.        , 1.        , 1.        , 0.56      ]),
 array([1.  , 1.  , 1.  , 1.  , 1.  , 1.  , 1.  , 1.  , 0.92]))

QA:
 (array([0.916, 0.992, 0.992, 0.996, 1.   , 1.   , 0.996, 0.932, 0.84 ]),
 array([0.90666667, 0.99      , 0.98857143, 0.99333333, 1.        ,
        1.        , 0.98666667, 0.78      , 0.24      ]),
 array([1.        , 1.        , 1.        , 1.        , 1.        ,
        1.        , 1.        , 0.97      , 0.90666667]))


30:
G:
(array([1.        , 1.        , 1.        , 1.        , 1.        ,
        1.        , 1.        , 1.        , 0.84666667]),
 array([1.        , 1.        , 1.        , 1.        , 1.        ,
        1.        , 1.        , 1.        , 0.53333333]),
 array([1.        , 1.        , 1.        , 1.        , 1.        ,
        1.        , 1.        , 1.        , 0.88148148]))

SA:
(array([1.        , 1.        , 1.        , 1.        , 1.        ,
        1.        , 1.        , 1.        , 0.79333333]),
 array([1. , 1. , 1. , 1. , 1. , 1. , 1. , 1. , 0.4]),
 array([1.        , 1.        , 1.        , 1.        , 1.        ,
        1.        , 1.        , 1.        , 0.83703704]))

QA:
(array([1.  , 1.  , 1.  , 1.  , 1.  , 1.  , 1.  , 1.  , 0.82]),
 array([1.        , 1.        , 1.        , 1.        , 1.        ,
        1.        , 1.        , 1.        , 0.53333333]),
 array([1.        , 1.        , 1.        , 1.        , 1.        ,
        1.        , 1.        , 1.        , 0.85185185]))

10 points:
G:
(array([1.  , 1.  , 1.  , 1.  , 0.98, 0.96, 0.92, 0.74, 0.64]),
 array([1. , 1. , 1. , 1. , 1. , 1. , 1. , 0.7, 0.6]),
 array([1.        , 1.        , 1.        , 1.        , 0.96      ,
        0.93333333, 0.88571429, 0.75      , 0.64444444]))

SA:
(array([1.  , 1.  , 1.  , 1.  , 1.  , 1.  , 0.86, 0.56, 0.66]),
 array([1.        , 1.        , 1.        , 1.        , 1.        ,
        1.        , 0.86666667, 0.3       , 0.4       ]),
 array([1.        , 1.        , 1.        , 1.        , 1.        ,
        1.        , 0.85714286, 0.625     , 0.68888889]))

QA:
(array([1.  , 1.  , 1.  , 1.  , 1.  , 0.98, 0.9 , 0.82, 0.68]),
 array([1.        , 1.        , 1.        , 1.        , 1.        ,
        1.        , 0.93333333, 0.8       , 0.4       ]),
 array([1.        , 1.        , 1.        , 1.        , 1.        ,
        0.96666667, 0.88571429, 0.825     , 0.71111111]))


CAse 3a:
50:
G:
(array([0.948, 0.908, 0.856, 0.788, 0.704, 0.632, 0.58 , 0.5  , 0.436]),
 array([1.  , 1.  , 1.  , 1.  , 1.  , 1.  , 1.  , 0.98, 1.  ]),
 array([0.48      , 0.54      , 0.52      , 0.47      , 0.408     ,
        0.38666667, 0.4       , 0.38      , 0.37333333]))

SA:
(array([0.948, 0.912, 0.86 , 0.796, 0.696, 0.636, 0.56 , 0.496, 0.408]),
 array([1.  , 1.  , 1.  , 1.  , 1.  , 1.  , 1.  , 1.  , 0.92]),
 array([0.48      , 0.56      , 0.53333333, 0.49      , 0.392     ,
        0.39333333, 0.37142857, 0.37      , 0.35111111]))

QA:
(array([0.96 , 0.928, 0.872, 0.796, 0.728, 0.632, 0.576, 0.492, 0.424]),
 array([1.        , 1.        , 1.        , 1.        , 1.        ,
        1.        , 0.98666667, 0.92      , 0.96      ]),
 array([0.6       , 0.64      , 0.57333333, 0.49      , 0.456     ,
        0.38666667, 0.4       , 0.385     , 0.36444444]))


30
G:
(array([0.96666667, 0.93333333, 0.84      , 0.77333333, 0.66666667,
        0.60666667, 0.54      , 0.47333333, 0.38      ]),
 array([1.        , 1.        , 1.        , 1.        , 0.98666667,
        0.98333333, 0.97777778, 1.        , 0.86666667]),
 array([0.66666667, 0.66666667, 0.46666667, 0.43333333, 0.34666667,
        0.35555556, 0.35238095, 0.34166667, 0.32592593]))

SA:
(array([0.94666667, 0.92      , 0.86      , 0.78666667, 0.70666667,
        0.65333333, 0.56666667, 0.50666667, 0.44666667]),
 array([1., 1., 1., 1., 1., 1., 1., 1., 1.]),
 array([0.46666667, 0.6       , 0.53333333, 0.46666667, 0.41333333,
        0.42222222, 0.38095238, 0.38333333, 0.38518519]))

QA:

(array([0.94666667, 0.92      , 0.86      , 0.77333333, 0.70666667,
        0.63333333, 0.56666667, 0.50666667, 0.44      ]),
 array([1., 1., 1., 1., 1., 1., 1., 1., 1.]),
 array([0.46666667, 0.6       , 0.53333333, 0.43333333, 0.41333333,
        0.38888889, 0.38095238, 0.38333333, 0.37777778]))

10:

G:
(array([0.94, 0.86, 0.8 , 0.74, 0.68, 0.62, 0.56, 0.48, 0.36]),
 array([1., 1., 1., 1., 1., 1., 1., 1., 1.]),
 array([0.4       , 0.3       , 0.33333333, 0.35      , 0.36      ,
        0.36666667, 0.37142857, 0.35      , 0.28888889]))

SA:
(array([0.94, 0.88, 0.8 , 0.68, 0.66, 0.58, 0.5 , 0.46, 0.4 ]),
 array([1.        , 1.        , 1.        , 0.96666667, 1.        ,
        1.        , 0.93333333, 1.        , 1.        ]),
 array([0.4       , 0.4       , 0.33333333, 0.25      , 0.32      ,
        0.3       , 0.31428571, 0.325     , 0.33333333]))

QA:
(array([0.9 , 0.88, 0.84, 0.74, 0.66, 0.54, 0.52, 0.48, 0.36]),
 array([1., 1., 1., 1., 1., 1., 1., 1., 1.]),
 array([0.        , 0.4       , 0.46666667, 0.35      , 0.32      ,
        0.23333333, 0.31428571, 0.35      , 0.28888889]))

Case 3b

50 points:

G：
(array([0.944, 0.912, 0.904, 0.88 , 0.852, 0.764, 0.7  , 0.62 , 0.42 ]),
 array([1.  , 1.  , 1.  , 1.  , 1.  , 1.  , 1.  , 0.98, 0.72]),
 array([0.44      , 0.56      , 0.68      , 0.7       , 0.704     ,
        0.60666667, 0.57142857, 0.53      , 0.38666667]))


SA:
(array([0.956, 0.94 , 0.904, 0.868, 0.836, 0.752, 0.692, 0.608, 0.528]),
 array([1.  , 1.  , 1.  , 1.  , 1.  , 1.  , 1.  , 0.98, 0.92]),
 array([0.56      , 0.7       , 0.68      , 0.67      , 0.672     ,
        0.58666667, 0.56      , 0.515     , 0.48444444]))


QA:
(array([0.96 , 0.92 , 0.888, 0.86 , 0.844, 0.776, 0.688, 0.576, 0.516]),
 array([1.        , 1.        , 1.        , 1.        , 1.        ,
        1.        , 0.97333333, 0.9       , 0.84      ]),
 array([0.6       , 0.6       , 0.62666667, 0.65      , 0.688     ,
        0.62666667, 0.56571429, 0.495     , 0.48      ]))


30 points:

G: 
(array([0.95333333, 0.90666667, 0.86666667, 0.88      , 0.81333333,
        0.74666667, 0.68666667, 0.60666667, 0.51333333]),
 array([1.        , 1.        , 1.        , 1.        , 1.        ,
        0.98333333, 0.95555556, 0.93333333, 0.86666667]),
 array([0.53333333, 0.53333333, 0.55555556, 0.7       , 0.62666667,
        0.58888889, 0.57142857, 0.525     , 0.47407407]))

SA:
(array([0.95333333, 0.94      , 0.90666667, 0.84      , 0.84666667,
        0.75333333, 0.68666667, 0.54666667, 0.48      ]),
 array([1.        , 1.        , 1.        , 1.        , 1.        ,
        0.98333333, 1.        , 0.8       , 0.6       ]),
 array([0.53333333, 0.7       , 0.68888889, 0.6       , 0.69333333,
        0.6       , 0.55238095, 0.48333333, 0.46666667]))

QA:
(array([0.96      , 0.91333333, 0.88666667, 0.86      , 0.81333333,
        0.73333333, 0.66      , 0.58      , 0.5       ]),
 array([1.        , 1.        , 1.        , 1.        , 1.        ,
        0.98333333, 0.97777778, 0.93333333, 0.93333333]),
 array([0.6       , 0.56666667, 0.62222222, 0.65      , 0.62666667,
        0.56666667, 0.52380952, 0.49166667, 0.45185185]))

10 Points:
G:
(array([0.96      , 0.91333333, 0.88666667, 0.86      , 0.81333333,
        0.73333333, 0.66      , 0.58      , 0.5       ]),
 array([1.        , 1.        , 1.        , 1.        , 1.        ,
        0.98333333, 0.97777778, 0.93333333, 0.93333333]),
 array([0.6       , 0.56666667, 0.62222222, 0.65      , 0.62666667,
        0.56666667, 0.52380952, 0.49166667, 0.45185185]))

SA:
(array([1.  , 0.96, 0.84, 0.84, 0.84, 0.6 , 0.5 , 0.54, 0.48]),
 array([1.        , 1.        , 1.        , 0.96666667, 1.        ,
        0.8       , 0.73333333, 0.8       , 0.8       ]),
 array([1.        , 0.8       , 0.46666667, 0.65      , 0.68      ,
        0.46666667, 0.4       , 0.475     , 0.44444444]))

QA:
(array([0.98, 0.96, 0.88, 0.82, 0.62, 0.58, 0.48, 0.4 , 0.5 ]),
 array([1.        , 1.        , 1.        , 0.96666667, 0.8       ,
        0.75      , 0.66666667, 0.5       , 0.8       ]),
 array([0.8       , 0.8       , 0.6       , 0.6       , 0.44      ,
        0.46666667, 0.4       , 0.375     , 0.46666667]))