ACC, in_pre, out_rej

Case 1 Full:

100 points

G:
[0.999 0.996 0.999 0.998 0.996 0.995 0.997 0.993 0.987]
[1.      0.99875 1.      1.      1.      1.      1.      0.995   0.97   ]
[0.99       0.985      0.99666667 0.995      0.992      0.99166667
 0.99571429 0.9925     0.98888889]

 SA:
(array([0.999, 0.999, 0.997, 0.998, 0.994, 0.997, 0.994, 0.994, 0.993]),
 array([1.  , 1.  , 1.  , 1.  , 1.  , 1.  , 1.  , 1.  , 0.99]),
 array([0.99      , 0.995     , 0.99      , 0.995     , 0.988     ,
        0.995     , 0.99142857, 0.9925    , 0.99333333])) 


50 points

G:
(array([0.996, 0.998, 0.994, 0.994, 1.   , 0.998, 0.994, 0.99 , 0.964]),
 array([1.  , 1.  , 1.  , 1.  , 1.  , 1.  , 1.  , 1.  , 0.88]),
 array([0.96      , 0.99      , 0.98      , 0.985     , 1.        ,
        0.99666667, 0.99142857, 0.9875    , 0.97333333]))

SA:
(array([0.998, 1.   , 0.994, 1.   , 0.99 , 0.992, 0.992, 0.992, 0.946]),
 array([1.   , 1.   , 1.   , 1.   , 0.996, 1.   , 1.   , 1.   , 0.76 ]),
 array([0.98      , 1.        , 0.98      , 1.        , 0.984     ,
        0.98666667, 0.98857143, 0.99      , 0.96666667]))

QA:
array([0.946, 0.912, 0.952, 0.968, 0.966, 0.96 , 0.958, 0.916, 0.866])
array([0.94      , 0.895     , 0.93714286, 0.94666667, 0.94      ,
       0.92      , 0.89333333, 0.67      , 0.22      ])
array([1.        , 0.98      , 0.98666667, 1.        , 0.992     ,
       0.98666667, 0.98571429, 0.9775    , 0.93777778])


10 points:

G: 2.8s
(array([1.  , 1.  , 0.99, 0.99, 0.98, 0.98, 0.96, 0.72, 0.76]),
 array([1.        , 1.        , 1.        , 1.        , 0.98      ,
        1.        , 0.93333333, 0.4       , 0.3       ]),
 array([1.        , 1.        , 0.96666667, 0.975     , 0.98      ,
        0.96666667, 0.97142857, 0.8       , 0.81111111]))



SA: 9.6s
array([1.  , 0.99, 1.  , 1.  , 1.  , 1.  , 0.92, 0.75, 0.77]),
 array([1.        , 1.        , 1.        , 1.        , 1.        ,
        1.        , 0.93333333, 0.45      , 0.4       ]),
 array([1.        , 0.95      , 1.        , 1.        , 1.        ,
        1.        , 0.91428571, 0.825     , 0.81111111])


QA: 4.43s
array([1.  , 1.  , 0.99, 1.  , 0.98, 0.94, 0.95, 0.79, 0.7 ])
array([1.        , 1.        , 1.        , 1.        , 1.        ,
       0.95      , 0.93333333, 0.6       , 0.1       ])
array([1.        , 1.        , 0.96666667, 1.        , 0.96      ,
       0.93333333, 0.95714286, 0.8375    , 0.76666667])


Case 1s 

20 limit 15:
SA:
(array([0.88, 0.98, 0.95, 0.99, 0.98, 0.98, 0.99, 0.93, 0.81]),
 array([0.86666667, 0.975     , 0.95714286, 1.        , 0.98      ,
        1.        , 1.        , 0.85      , 0.3       ]),
 array([1.        , 1.        , 0.93333333, 0.975     , 0.98      ,
        0.96666667, 0.98571429, 0.95      , 0.86666667]))

G:
(array([0.92, 0.95, 0.99, 0.97, 1.  , 0.97, 1.  , 0.86, 0.81]),
 array([0.91111111, 0.95      , 0.98571429, 0.98333333, 1.        ,
        0.975     , 1.        , 0.7       , 0.3       ]),
 array([1.        , 0.95      , 1.        , 0.95      , 1.        ,
        0.96666667, 1.        , 0.9       , 0.86666667]))


Case 2:

100 points:

G: 1m36.2s
(array([0.91 , 0.973, 0.992, 1.   , 0.998, 0.999, 0.998, 0.996, 0.983]),
 array([0.9       , 0.96625   , 0.98857143, 1.        , 1.        ,
        1.        , 1.        , 1.        , 1.        ]),
 array([1.        , 1.        , 1.        , 1.        , 0.996     ,
        0.99833333, 0.99714286, 0.995     , 0.98111111]))

SA: 1m31s
(array([0.917, 0.977, 0.991, 0.998, 1.   , 0.997, 0.999, 0.998, 0.981]),
 array([0.90777778, 0.97125   , 0.98857143, 0.99833333, 1.        ,
        1.        , 1.        , 1.        , 1.        ]),
 array([1.        , 1.        , 0.99666667, 0.9975    , 1.        ,
        0.995     , 0.99857143, 0.9975    , 0.97888889]))

50 points

G: 25s
(array([0.972, 0.998, 1.   , 1.   , 1.   , 0.998, 0.994, 0.978, 0.912]),
 array([0.96888889, 0.9975    , 1.        , 1.        , 1.        ,
        1.        , 1.        , 1.        , 0.8       ]),
 array([1.        , 1.        , 1.        , 1.        , 1.        ,
        0.99666667, 0.99142857, 0.9725    , 0.92444444]))

SA:31s
(array([0.976, 0.998, 1.   , 0.996, 0.996, 0.994, 0.99 , 0.986, 0.916]),
 array([0.97333333, 0.9975    , 1.        , 1.        , 1.        ,
        1.        , 1.        , 1.        , 0.88      ]),
 array([1.        , 1.        , 1.        , 0.99      , 0.992     ,
        0.99      , 0.98571429, 0.9825    , 0.92      ]))

QA:
[0.97  0.996 0.994 0.992 0.986 0.992 0.988 0.962 0.848]
[0.96666667 0.995      0.99142857 0.99       0.976      1.
 1.         0.93       0.44      ]
[1.         1.         1.         0.995      0.996      0.98666667
 0.98285714 0.97       0.89333333]

 10 points:

 SA:
 (array([0.98, 1.  , 1.  , 0.99, 1.  , 0.93, 0.82, 0.62, 0.66]),
 array([0.97777778, 1.        , 1.        , 1.        , 1.        ,
        1.        , 0.86666667, 0.55      , 0.7       ]),
 array([1.        , 1.        , 1.        , 0.975     , 1.        ,
        0.88333333, 0.8       , 0.6375    , 0.65555556]))

G:
(array([0.97, 1.  , 1.  , 0.98, 0.98, 0.93, 0.87, 0.6 , 0.63]),
 array([0.96666667, 1.        , 1.        , 1.        , 1.        ,
        1.        , 0.96666667, 0.5       , 0.5       ]),
 array([1.        , 1.        , 1.        , 0.95      , 0.96      ,
        0.88333333, 0.82857143, 0.625     , 0.64444444]))

QA:
(array([1.  , 1.  , 1.  , 0.98, 0.96, 0.95, 0.84, 0.66, 0.67]),
 array([1.  , 1.  , 1.  , 1.  , 1.  , 1.  , 0.9 , 0.55, 0.8 ]),
 array([1.        , 1.        , 1.        , 0.95      , 0.92      ,
        0.91666667, 0.81428571, 0.6875    , 0.65555556]))


Case3a F

100 points:

G: only 7 points
(array([0.985, 0.958, 0.913, 0.863, 0.794, 0.724, 0.515]),
 array([1. , 1. , 1. , 1. , 1. , 1. , 0.8]),
 array([0.85      , 0.79      , 0.71      , 0.6575    , 0.588     ,
        0.54      , 0.39285714]))

SA:
(array([0.991, 0.974, 0.961, 0.939, 0.894, 0.815, 0.75 , 0.628, 0.543]),
 array([0.99777778, 1.        , 1.        , 0.99833333, 0.998     ,
        0.9775    , 0.98      , 0.9       , 0.85      ]),
 array([0.93      , 0.87      , 0.87      , 0.85      , 0.79      ,
        0.70666667, 0.65142857, 0.56      , 0.50888889]))

50 points:

G: only 7 points
(array([0.99 , 0.976, 0.966, 0.932, 0.894, 0.8  , 0.558]),
 array([0.99333333, 0.9975    , 1.        , 0.98      , 0.98      ,
        0.945     , 0.73333333]),
 array([0.96      , 0.89      , 0.88666667, 0.86      , 0.808     ,
        0.70333333, 0.48285714]))


SA:
(array([0.984, 0.97 , 0.958, 0.926, 0.878, 0.784, 0.688, 0.6  , 0.516]),
 array([0.98888889, 0.9975    , 0.99428571, 0.99333333, 0.988     ,
        0.915     , 0.88      , 0.8       , 0.68      ]),
 array([0.94      , 0.86      , 0.87333333, 0.825     , 0.768     ,
        0.69666667, 0.60571429, 0.55      , 0.49777778]))

QA:
[0.986 0.98  0.952 0.918 0.844 0.684 0.544 0.536 0.468]
[0.99555556 1.         0.99142857 0.98       0.932      0.805
 0.63333333 0.69       0.5       ]
[0.9        0.9        0.86       0.825      0.756      0.60333333
 0.50571429 0.4975     0.46444444]


10 points:
SA:
(array([0.94, 0.95, 0.84, 0.81, 0.74, 0.64, 0.5 , 0.43, 0.34]),
 array([0.96666667, 1.        , 0.98571429, 0.95      , 1.        ,
        1.        , 0.9       , 0.9       , 0.7       ]),
 array([0.7       , 0.75      , 0.5       , 0.6       , 0.48      ,
        0.4       , 0.32857143, 0.3125    , 0.3       ]))

G:
(array([0.96, 0.9 , 0.85, 0.78, 0.72, 0.64, 0.54, 0.43, 0.36]),
 array([0.98888889, 1.        , 0.98571429, 0.98333333, 1.        ,
        0.975     , 0.93333333, 0.9       , 0.8       ]),
 array([0.7       , 0.5       , 0.53333333, 0.475     , 0.44      ,
        0.41666667, 0.37142857, 0.3125    , 0.31111111]))

QA:
(array([0.99, 0.94, 0.89, 0.78, 0.72, 0.66, 0.48, 0.38, 0.4 ]),
 array([1.        , 1.        , 0.97142857, 0.98333333, 0.98      ,
        0.975     , 0.8       , 0.85      , 1.        ]),
 array([0.9       , 0.7       , 0.7       , 0.475     , 0.46      ,
        0.45      , 0.34285714, 0.2625    , 0.33333333]))


Case 3b

100 points:

old:
 G: only 7 points
(array([0.985, 0.958, 0.913, 0.863, 0.794, 0.724, 0.515]),
 array([1. , 1. , 1. , 1. , 1. , 1. , 0.8]),
 array([0.85      , 0.79      , 0.71      , 0.6575    , 0.588     ,
        0.54      , 0.39285714]))

new:
(array([1.979, 1.937, 1.86 , 1.795, 1.684, 1.055, 0.588]),
 array([2.        , 1.99625   , 1.99857143, 1.99      , 1.994     ,
        1.4       , 0.9       ]),
 array([1.79      , 1.7       , 1.53666667, 1.5025    , 1.374     ,
        0.825     , 0.45428571]))


SA：
(array([0.994, 0.981, 0.959, 0.943, 0.897, 0.816, 0.747, 0.636, 0.534]),
 array([0.99888889, 1.        , 0.99714286, 0.99833333, 0.998     ,
        0.975     , 0.97666667, 0.915     , 0.81      ]),
 array([0.95      , 0.905     , 0.87      , 0.86      , 0.796     ,
        0.71      , 0.64857143, 0.56625   , 0.50333333]))

50 points:
G:
(array([0.994, 0.972, 0.968, 0.938, 0.852, 0.64 , 0.212, 0.244, 0.156]),
 array([1.        , 0.995     , 0.99142857, 0.98      , 0.952     ,
        0.755     , 0.26666667, 0.36      , 0.24      ]),
 array([0.94      , 0.88      , 0.91333333, 0.875     , 0.752     ,
        0.56333333, 0.18857143, 0.215     , 0.14666667]))

SA:
(array([0.986, 0.976, 0.966, 0.936, 0.882, 0.78 , 0.704, 0.628, 0.528]),
 array([0.98888889, 0.9975    , 0.98857143, 0.98666667, 0.984     ,
        0.945     , 0.90666667, 0.89      , 0.78      ]),
 array([0.96      , 0.89      , 0.91333333, 0.86      , 0.78      ,
        0.67      , 0.61714286, 0.5625    , 0.5       ]))

QA:
(array([0.988, 0.956, 0.956, 0.92 , 0.852, 0.71 , 0.542, 0.514, 0.478]),
 array([0.98888889, 0.99      , 0.99142857, 0.97      , 0.956     ,
        0.84      , 0.70666667, 0.65      , 0.58      ]),
 array([0.98      , 0.82      , 0.87333333, 0.845     , 0.748     ,
        0.62333333, 0.47142857, 0.48      , 0.46666667]))

10 points:

G:
(array([0.93, 0.89, 0.91, 0.82, 0.78, 0.67, 0.54, 0.45, 0.43]),
 array([0.93333333, 0.95      , 0.95714286, 0.95      , 0.94      ,
        0.9       , 0.73333333, 0.7       , 0.8       ]),
 array([0.9       , 0.65      , 0.8       , 0.625     , 0.62      ,
        0.51666667, 0.45714286, 0.3875    , 0.38888889]))

SA:
(array([0.96, 0.92, 0.86, 0.8 , 0.81, 0.64, 0.46, 0.55, 0.45]),
 array([0.97777778, 0.9375    , 0.9       , 0.93333333, 0.94      ,
        0.775     , 0.56666667, 0.85      , 0.7       ]),
 array([0.8       , 0.85      , 0.76666667, 0.6       , 0.68      ,
        0.55      , 0.41428571, 0.475     , 0.42222222]))

(array([0.93, 0.92, 0.9 , 0.76, 0.78, 0.54, 0.49, 0.51, 0.41]),
 array([0.93333333, 0.95      , 0.92857143, 0.86666667, 0.9       ,
        0.65      , 0.63333333, 0.65      , 0.6       ]),
 array([0.9       , 0.8       , 0.83333333, 0.6       , 0.66      ,
        0.46666667, 0.42857143, 0.475     , 0.38888889]))


case 4:

10 points:

G:
(array([0.75, 0.77, 0.79, 0.76, 0.87, 0.63, 0.56, 0.52, 0.52]),
 array([0.72222222, 0.7375    , 0.74285714, 0.75      , 0.88      ,
        0.675     , 0.6       , 0.5       , 0.6       ]),
 array([1.        , 0.9       , 0.9       , 0.775     , 0.86      ,
        0.6       , 0.54285714, 0.525     , 0.51111111]))

SA:
(array([0.71, 0.78, 0.82, 0.68, 0.81, 0.69, 0.56, 0.56, 0.5 ]),
 array([0.68888889, 0.7625    , 0.77142857, 0.68333333, 0.82      ,
        0.725     , 0.56666667, 0.55      , 0.5       ]),
 array([0.9       , 0.85      , 0.93333333, 0.675     , 0.8       ,
        0.66666667, 0.55714286, 0.5625    , 0.5       ]))

QA:
(array([0.78, 0.77, 0.8 , 0.84, 0.87, 0.64, 0.5 , 0.55, 0.57]),
 array([0.75555556, 0.7375    , 0.75714286, 0.83333333, 0.9       ,
        0.675     , 0.46666667, 0.55      , 0.6       ]),
 array([1.        , 0.9       , 0.9       , 0.85      , 0.84      ,
        0.61666667, 0.51428571, 0.55      , 0.56666667]))